111111111111111111111111111111111111111111111111111
100000000010000000000000100000000000000000000000001
100000000010000000000000100000000000000000000000001
100000000010000000000000111111110000000000000000001
100000000010000000000000100000010000000000000000001
111100111110000000000000100000010000000011110000001
100000000000000000000000100000010000000011110000001
100000000000000000000000100000010000000011110000001
100000001100000000000000000000010000000000000000001
100000001100000111111100000000010000000000000000001
100000000000000100000100000000010000000000000000001
100000000000000100000100000000011111000000000000001
111111111110000100000100000000010001000000000000001
100000000000000100000100000000010001000000000000001
100000000000000100000111111111110001111100000000001
100000000000000100000000001000000000000000000000001
100000000000000100000000001000000000000000000000001
100000000000000000000000001000000000000000000000001
100000000000000000000000001000000000000000000000001
111111100000000000000000001000000000000000000000001
100000010000000000000000010100000000000000000000001
100010010000000000000000100010000000000000000000001
100001100000000000000000000000000000000000000000001
100000000000000000000000000000000000000000000000001
111111111111111111111111111111111111111111111111111