1111111111111111111111111111111111111
1000000000110000000000011000000000001
1000000000110000000000011000000000001
1000000000110000000000011111111100001
1000000000110000000000011000001100001
1111001111110000000000011000001100001
1000000000000000000000011000001100001
1000000000000000000000011000001100001
1000000011000000000000000000001100001
1000000011000001111111000000001100001
1000000000000001100011000000001100001
1000000000000001100011000000001100001
1111111111100001100011000000001100001
1000000000000001100011000000001100001
1000000000000001100011111111111100001
1000000000000001100000000000000000001
1000000000000001100000000000000000001
1000000000000000000000000000000000001
1000000000000000000000000000000000001
1111111111111111111111111111111111111